name = RTintelliStrut
module = RemoteTechSPU
author = JDP

mesh = model.mu
rescaleFactor = 1

node_attach = 0,-1.25, 0, 0, -1, 0

node_stack_Right1 = 15.6, 0.65, 0, -1, 0, 0
node_stack_Right2 = 15.6, -0.65, 0, -1, 0, 0
node_stack_Left1 = -15.6, 0.65, 0, 1, 0, 0
node_stack_Left2 = -15.6, -0.65, 0, 1, 0, 0

node_stack_OneBack1 = 15,-0.6507622, 0.6, 0, 0,-1
node_stack_OneBack2 = 15, 0.6507622, 0.6, 0, 0,-1
node_stack_OneFront1 = 15,-0.6507622,-0.6, 0, 0, 1
node_stack_OneFront2 = 15, 0.6507622,-0.6, 0, 0, 1
node_stack_OneTop = 15, 1.25, 0, 0,-1, 0
node_stack_OneBottom = 15,-1.25, 0, 0, 1, 0

node_stack_TwoBack1 = 10,-0.6507622, 0.6, 0, 0,-1
node_stack_TwoBack2 = 10, 0.6507622, 0.6, 0, 0,-1
node_stack_TwoFront1 = 10,-0.6507622,-0.6, 0, 0, 1
node_stack_TwoFront2 = 10, 0.6507622,-0.6, 0, 0, 1
node_stack_TwoTop = 10, 1.25, 0, 0,-1, 0
node_stack_TwoBottom = 10,-1.25, 0, 0, 1, 0

node_stack_ThreeBack1 = 5,-0.6507622, 0.6, 0, 0,-1
node_stack_ThreeBack2 = 5, 0.6507622, 0.6, 0, 0,-1
node_stack_ThreeFront1 = 5,-0.6507622,-0.6, 0, 0, 1
node_stack_ThreeFront2 = 5, 0.6507622,-0.6, 0, 0, 1
node_stack_ThreeTop = 5, 1.25, 0, 0,-1, 0
node_stack_ThreeBottom = 5,-1.25, 0, 0, 1, 0

node_stack_FourBack1 = -5,-0.6507622, 0.6, 0, 0,-1
node_stack_FourBack2 = -5, 0.6507622, 0.6, 0, 0,-1
node_stack_FourFront1 = -5,-0.6507622,-0.6, 0, 0, 1
node_stack_FourFront2 = -5, 0.6507622,-0.6, 0, 0, 1
node_stack_FourTop = -5, 1.25, 0, 0,-1, 0
node_stack_FourBottom = -5,-1.25, 0, 0, 1, 0

node_stack_FiveBack1 = -10,-0.6507622, 0.6, 0, 0,-1
node_stack_FiveBack2 = -10, 0.6507622, 0.6, 0, 0,-1
node_stack_FiveFront1 = -10,-0.6507622,-0.6, 0, 0, 1
node_stack_FiveFront2 = -10, 0.6507622,-0.6, 0, 0, 1
node_stack_FiveTop = -10, 1.25, 0, 0,-1, 0
node_stack_FiveBottom = -10,-1.25, 0, 0, 1, 0

node_stack_SixBack1 = -15,-0.6507622, 0.6, 0, 0,-1
node_stack_SixBack2 = -15, 0.6507622, 0.6, 0, 0,-1
node_stack_SixFront1 = -15,-0.6507622,-0.6, 0, 0, 1
node_stack_SixFront2 = -15, 0.6507622,-0.6, 0, 0, 1
node_stack_SixTop = -15, 1.25, 0, 0,-1, 0
node_stack_SixBottom = -15,-1.25, 0, 0, 1, 0

node_stack_CenterBack1 = 0,-0.6507622, 0.6, 0, 0,-1
node_stack_CenterBack2 = 0, 0.6507622, 0.6, 0, 0,-1
node_stack_CenterFront1 = 0,-0.6507622,-0.6, 0, 0, 1
node_stack_CenterFront2 = 0, 0.6507622,-0.6, 0, 0, 1
node_stack_CenterTop = 0, 1.25, 0, 0,-1, 0
node_stack_CenterBottom = 0,-1.25, 0, 0, 1, 0


cost = 9000
category = Pods
subcategory = 0
title = RemoteTech IntelliStrut
manufacturer = JDP Interplanetary communications and beach towel devision
description = A large strut for large stations. Includes a RemoteCommand SPU and a long-range antenna built into the sturdy tinfoil & plastic frame.
attachRules = 1,1,1,1,1

// --- standard part parameters ---
mass = 4
dragModelType = default
maximum_drag = 0.2
minimum_drag = 0.2
angularDrag = 1
crashTolerance = 15
breakingForce = 200
breakingTorque = 200
maxTemp = 3200


// --- pod/rcs parameters ---

rotPower = 20
linPower = 20

Kp = 1.0
Kd = 1.0

RESOURCE
{
	name = ElectricCharge
	amount = 150
	maxAmount = 150
}


// --- RemoteTech parameters ---

antennaRange = 10000
isRemoteCommand = true
EnergyDrain = 0.03333333
EnergyDrain0 = 0.03333333
EnergyDrain1 = 0.03499997
vesselType = Station

// --- internal setup ---
CrewCapacity = 0
MODULE
{
	name = ModuleCommand
	minimumCrew = 0
}

MODULE
{
	name = ModuleRtMode
	Mode1Name = Activate antenna
	Mode0Name = Deactivate antenna
	ToggleName = Toggle antenna
	modeState = 1
	antennaRange0 = 0.001
	antennaRange1 = 10000
	EnergyDrain1 = 0.00166667
}